00000000000000001111111111111111
00000000000000001111111111111111
01000000000000001111111111111111
00000000000000001111111111111111
00000000000000001111111111111111
00000000000000001111111111111111
00000000000000001111111111111111
00000100000000001111111111111111
00000000000000001111111111111111
00000000000000001111111111111111
00000000000000001111111111111111
00000000010000001111111111111111
11111111111111111111111111111111
11111111111111111111111111111111
11111111111111111111111111111111
11111111111111111111111111111111
11111111111111111111111111111111
11111111111111111111111111111111
11111111111111111111111111111111
11111111111111111111111111111111
11111111111111111111111111111111
11111111111111111111111111111111
11111111111111111111111111111111
11111111111111111111111111111111
11111111111111111111111111111111
11111111111111111111111111111111
11111111111111111111111111111111
11111111111111111111111111111111
11111111111111111111111111111111
11111111111111111111111111111111
11111111111111111111111111111111
11111111111111111111111111111111

35
01000000
01000000
01000000
01000000
01000000
01000000
01110000
00000000

00000000
00010000
00010000
01111000
00000000
00000000
00000000
00000000

00000000
01100000
01100000
01100000
01100000
00000000
00000000
00000000

10000000
11000000
01100000
00110000
00011000
00001100
00000110
00000011

11100000
01100000
00000000
00000000
00000000
00000000
00000000
00000000

11000000
11000000
01000000
00000000
00000000
00000000
00000000
00000000

00000000
10000000
11100000
00000000
00000000
00000000
00000000
00000000

01000000
11100000
10000000
00000000
00000000
00000000
00000000
00000000

00111000
00001000
00000000
00000000
00000000
00000000
00000000
00000000

00000111
00001110
00000000
00000000
00000000
00000000
00000000
00000000

10000000
11110000
10000000
10000000
00000000
00000000
00000000
00000000

11110000
01110000
00110000
00000000
00000000
00000000
00000000
00000000

10000000
11110000
00000000
00000000
00000000
00000000
00000000
00000000

00010000
00110000
01110000
11110000
00000000
00000000
00000000
00000000

00000001
00000011
00000001
00000000
00000000
00000000
00000000
00000000

11100000
01110000
00000000
00000000
00000000
00000000
00000000
00000000

10000000
11111000
00000000
00000000
00000000
00000000
00000000
00000000

01000000
01000000
11000000
00000000
00000000
00000000
00000000
00000000

11100000
00110000
00100000
00000000
00000000
00000000
00000000
00000000

11000000
10000000
11000000
00000000
00000000
00000000
00000000
00000000

00000000
00001000
00111000
00111000
00010000
00000000
00000000
00000000

00000000
10110000
11110000
00000000
00000000
00000000
00000000
00000000

00000000
01100000
01110000
01000000
00000000
00000000
00000000
00000000

00000000
01100000
11100000
00000000
00000000
00000000
00000000
00000000

11000000
01000000
00000000
00000000
00000000
00000000
00000000
00000000

00000000
00000000
00000000
00000000
00000000
01100000
11000000
11000000

11100000
10000000
00000000
00000000
00000000
00000000
00000000
00000000

10000000
11110000
00000000
00000000
00000000
00000000
00000000
00000000

00000000
01000000
11000000
11000000
01000000
00000000
00000000
00000000

11110000
11100000
00000000
00000000
00000000
00000000
00000000
00000000

11100000
01110000
00000000
00000000
00000000
00000000
00000000
00000000

11110000
10000000
00000000
00000000
00000000
00000000
00000000
00000000

01000000
01000000
11100000
00000000
00000000
00000000
00000000
00000000

11100000
10000000
00000000
00000000
00000000
00000000
00000000
00000000

11000000
11000000
00000000
00000000
00000000
00000000
00000000
00000000
