00000000000000000000000000000000
00111111100000000111000011100000
00001110000000001111100111110000
00001110000000011111111111111000
00001110000000001111111111110000
00001110000000000111111111100000
00001110000000000011111111000000
00001110000000000001111110000000
00001110000000000000111100000000
00111111100000000000011000000000
00000000000000000000000000000000
00000000000000000000000000000000
00000000000000000000000000000000
00011111111100000000000000011000
00011000000000000000000000110000
00011111111100000000000000110000
00011000000000000000000001100000
00011111111100000000000001100000
00011000000000000000000011000000
11111111111111100000000011000000
00011001100000000000000110000000
00011001100010000000000110000000
00011000110110000000001100000000
00011010011100000000011000000000
00011100001100000000110000000000
00011000000110000001100000000000
00000000000000000000000000000000
00000000000000000000000000000000
00000000000000000000000000000000
00000000000000000000000000000000
00000000000000000000000000000000
00000000000000000000000000000000

256
00000000
00000000
11000000
11100000
00110000
00100000
00110000
00110000

00000000
00000000
00000000
00000000
11100000
00100000
00000000
00000000

00000000
00000000
00000000
00000000
00000011
00000011
00110001
00011111

00000000
00000000
00000000
00000000
00000000
00001100
00001000
00001000

00000000
00000000
00000000
00000000
00000000
00000000
00001111
00111001

00000000
00010010
00010011
00010111
00011100
00000000
00000000
00000000

00000000
00000000
00000000
00000000
01111000
00011000
00010000
00000000

00000000
00000000
00110000
01100000
01000000
01000000
00000000
00000000

00000000
00000000
00000000
00000000
00000000
00000000
00110000
00011100

00000000
00000000
00000000
00001000
00011000
01110000
00000000
00000000

00000000
00000000
00000000
00001110
11111111
11000000
00000000
00000000

00000000
00000000
00000000
00000000
00010000
00110000
00011000
00000000

00000000
00000000
00001110
00001111
00001100
00000000
00000000
00000000

00000000
00000000
00000000
00000000
00000000
00000000
01000000
00000000

00000000
00000111
00000001
00000111
00000111
00000000
00000000
00000000

00000000
00000000
01100000
00100000
00111000
00111100
00000100
00011100

00000110
00000100
00000000
00000000
00000000
00000000
00000000
00000000

00000000
00000000
00000000
01100000
01100000
00000000
00000000
00000000

00000000
00000000
00000000
00000000
00000000
11100000
11100000
11100000

00000000
00000011
00000001
00000001
00000011
00000010
00000111
00000111

11110000
11110000
10010000
10000000
00000000
00000000
00000000
00000000

00000000
00000000
00000000
00001110
00001010
00000000
00000000
00000000

00000000
00000000
00000110
00001110
00001110
00001000
00001110
00000000

00000011
00000011
00000010
00000110
00000100
00000100
00001100
00001000

00000000
00000000
00000100
00000100
00000110
00000110
00000011
00000011

00000000
00000000
00000000
00000000
00001110
11111010
11100000
00000000

00000000
00110000
00110000
00011000
00000000
00000000
00000000
00000000

00000000
00000000
00000000
00000000
00000000
00000110
00000011
00001111

00000000
00000000
00000000
00000000
00000000
00000000
00000001
00000011

00000000
00000000
00000000
00000000
00000100
00000100
00001100
00001000

00000000
00000001
00000000
00000000
00000000
00000000
00000000
00000000

00000000
00000000
00000000
00000000
00000000
00001000
00011000
00000000

00000000
00011000
00011000
00001100
00000110
00000010
00000000
00000000

00110000
00110000
00111000
00000000
00000000
00000000
00000000
00000000

00000000
00000000
00000000
00000000
00000000
00011110
00001111
00000001

00000000
00000000
00000000
00000000
00000001
00000111
00000100
00000000

00000000
00000000
00000000
00000000
00000000
01111000
01111000
00111000

00000000
00000000
00000000
00000000
00000000
00000000
00100000
00000000

00000000
10000000
11000000
01000000
01100000
11100000
11000000
00000000

00000000
00000000
00000000
00000000
00000011
00000001
00000000
00000000

00000000
00000000
00000000
00000000
00100000
00100000
00000000
00000000

11000000
01100000
00110000
00110000
00000000
00000000
00000000
00000000

00000000
00000000
00000000
00000000
00000000
11000000
01000000
00000000

00010000
00010000
00010000
11110000
10000000
11000000
11000000
00000000

00001100
00001100
00001000
00001100
00000100
00000100
00000000
00000000

00000000
00000000
00000000
00000011
00000001
00000001
00000011
00000011

00000000
00000000
00000000
00000100
00000110
00000000
00000000
00000000

00000000
11100000
11100000
00000000
00000000
00000000
00000000
00000000

00011110
00001110
00001100
00000000
00000000
00000000
00000000
00000000

00000000
00000000
00000000
11110000
00010000
00000000
00000000
00000000

00000000
00000011
00000011
00000001
00000000
00000000
00000000
00000000

11111100
11000100
00000100
00000100
00000100
00000100
00000000
00000000

00000111
00000011
00000010
00000000
00000000
00000000
00000000
00000000

00111000
00110000
00000000
00000000
00000000
00000000
00000000
00000000

00000000
00000000
00010000
00010000
00010000
00000000
00000000
00000000

00001000
00011000
00010000
00000000
00000000
00000000
00000000
00000000

00000000
00000000
00000000
00000000
00000000
00010000
00000000
00000000

00000000
00000000
00000000
00010000
00010000
00010000
00010000
00010000

00000000
00000010
00000010
00000000
00000000
00000000
00000000
00000000

00001110
00000010
00000010
00000000
00000000
00000000
00000000
00000000

00000000
01100000
11000000
11100000
01110000
00110000
00010000
00000000

00000000
00000000
00000100
00000100
00000100
00000000
00000000
00000000

00110000
00100000
00000000
00000000
00000000
00000000
00000000
00000000

00000000
00000000
00000000
00000000
00000000
00010000
11110000
11000000

01100000
11110000
00000000
00000000
00000000
00000000
00000000
00000000

00000000
00000000
00000010
00000010
00000010
00000000
00000000
00000000

00000011
00000011
00000011
00000000
00000000
00000000
00000000
00000000

00000001
00001111
00001011
00001011
00011011
00000000
00000000
00000000

00000000
00000000
00000000
00000000
00000000
00000000
00010000
00011000

00000000
00110000
00110100
00011100
00001100
00000000
00000000
00000000

00000000
00000000
00000000
00000000
00000001
00110001
00110011
00011110

01100000
01000000
01111110
00000010
00000010
00000110
00000110
00000000

00011000
00001100
00011100
00000000
00000000
00000000
00000000
00000000

00000000
00000000
00000000
00000000
00011100
00011100
00001100
00000000

00000000
00000000
00000000
00000000
00000000
00000000
00000000
00000001

00000000
00000000
00001100
00000110
00000111
00000111
00000001
00000000

00000000
00000000
00011000
00011000
00000000
00000000
00000000
00000000

00000000
10000000
10000000
10000000
10000000
00000000
00000000
00000000

00000000
00000000
00000000
00000011
00000110
00000111
00000011
00000011

00000000
00000000
00111110
00110000
00010000
00010000
00110000
00000000

00000000
00000000
00000000
00000000
00000000
00000100
00000000
00000000

00000000
00000000
00000000
00110000
00011000
00011010
00001110
00000000

00000000
00000000
00000000
00000000
00000000
00000011
00000011
00000011

00000000
00000111
00000100
00001100
00000000
00000000
00000000
00000000

00000000
00011110
00001110
00001000
00011000
00110000
00000000
00000000

00000000
00000000
00000000
00001100
01111100
01111000
00001100
00000100

00000000
00000000
00000000
00000000
00000000
00011000
00010000
01110000

00000000
10000000
11111000
00001000
00001000
00001100
00000100
00011100

00000000
00000000
00000000
00000000
00000000
00000000
00010000
00011000

00001111
01111100
00110000
00000000
00000000
00000000
00000000
00000000

00000000
11000000
10000000
10000000
10000000
11110000
00000000
00000000

00000001
00000001
00000011
00000011
00000000
00000000
00000000
00000000

00000000
00000000
00000000
00000011
00000110
00000110
00000011
00000001

00000000
00000000
00000000
00000000
00000000
00011000
01111000
01111000

00000011
00000001
00000011
00000011
00000010
00000000
00000000
00000000

00110000
00010000
00010000
00010000
01010000
01110000
01100000
00000000

00100000
01100000
01000000
01000000
01000000
00000000
00000000
00000000

01111111
01000001
01000000
01100000
00100000
01100000
01000000
00000000

00000000
00000000
00000000
00000000
00000000
00000000
00000000
11000000

00000000
00000000
11111000
11000000
10000000
00000000
00000000
00000000

01000000
01000000
00000000
00000000
00000000
00000000
00000000
00000000

00000000
00000000
00000000
01100000
01100000
00000000
00000000
00000000

00000000
11000000
01000000
01100000
00000000
00000000
00000000
00000000

00000001
00000001
00000011
00000010
00000010
00000010
00000000
00000000

00000000
00000000
00000000
00000000
10010000
10110000
11100000
11000000

00001100
00001110
00000000
00000000
00000000
00000000
00000000
00000000

00000000
00000000
00010000
00111000
10100000
11100000
11100000
11000000

00000000
00000000
00000000
00000000
00000001
00000001
00000001
00000111

00000000
00000000
00000000
00011000
00010000
00011111
00000011
00000000

00000000
00011000
00011000
00010000
00010000
00010000
00011000
00111000

00100000
00110000
00110011
00011110
00000010
00000000
00000000
00000000

00000000
00000100
00011100
00010000
01110000
00110000
00110000
00010000

00000000
00000000
00000011
00000011
00000001
00000001
00000000
00000000

00111100
00000110
00000110
00000010
00000010
00000000
00000000
00000000

00000110
00000110
00000110
00000111
00000101
00001101
00000000
00000000

00000000
00000110
00000011
00000011
00000011
00000001
00000001
00011111

00000000
00000000
00000000
00000000
00000000
00000000
11000000
10000000

00000000
00000000
00000000
00000000
00000000
00000000
00000000
00001000

00000000
00000000
00001100
00111000
00000000
00000000
00000000
00000000

00000000
00000000
00000000
00000000
00000000
00000000
00001000
00001000

00000000
00100000
00000000
00000000
00000000
00000000
00000000
00000000

10000000
10000000
11110000
00011000
00011000
00110000
00110000
00110000

10000000
11000000
01000000
01000000
01000000
11000000
11000000
00000000

10000000
11000000
00000000
00000000
00000000
00000000
00000000
00000000

00000000
00000000
00000000
00000000
00000000
10000000
00000000
00000000

00000000
00000100
00000110
00000110
00000110
00000010
00000011
00000010

11000000
01100000
00100000
01100000
01000000
00000000
00000000
00000000

00001100
00011000
00010000
00110000
00100000
00000000
00000000
00000000

00000011
00000011
00000001
00000011
00000011
00000011
00000000
00000000

00000000
00000000
00000000
00000000
00000000
00000100
00000100
00000000

00000000
00111000
00100000
00110000
00000000
00000000
00000000
00000000

00000000
00000000
00000000
00000001
00000011
00000110
00000111
00000011

00000000
00000000
00000000
00000000
00000000
00000000
00110000
00011000

00000000
00000000
00000000
00000000
00000000
00000000
11100000
11110000

00000000
00000000
00000000
00000000
00000010
00000011
00000000
00000000

00000000
00000000
00000000
00000000
00001100
00001100
00000000
00000000

00000000
00000000
00000000
00000000
00000000
00000010
00000011
00000001

00000000
00000000
00000000
01000000
01000000
01000000
01001100
01111100

00000000
00000000
00000000
00000000
00000011
00000001
00000011
00000010

00000000
00000000
11100000
10000000
10000000
10000000
00000000
00000000

00001111
00011000
00011100
00000100
00000000
00000000
00000000
00000000

00000000
00000000
00000000
00000000
11000000
10000000
10000000
11100000

00000000
00000000
00000001
00000101
00000111
00000011
00000001
00000000

00000000
00000000
00000000
00000000
00000011
00000011
00000000
00000000

00000000
00000000
11100000
00000000
00000000
00000000
00000000
00000000

00000000
00000000
00000000
00000000
00000000
00000001
00011111
00001000

00001100
00001100
00001100
00000000
00000000
00000000
00000000
00000000

00001111
00011010
00010010
00000010
00000000
00000000
00000000
00000000

00000000
11011000
01111100
00000000
00000000
00000000
00000000
00000000

00111000
00110010
00011111
00001000
00000000
00000000
00000000
00000000

00000000
00000000
00000000
00100000
01100000
00111000
00011000
00000000

00000000
00000000
00000011
00000011
00000001
00000000
00000000
00000000

00000000
00000000
00000000
00000000
00000000
00010000
00010000
00000000

00000000
00000000
00000000
00000000
00000000
01000000
01000000
01000000

00000000
10000000
00000000
00000000
00000000
00000000
00000000
00000000

00000000
00000000
00000000
00000000
00000000
00110000
01100000
00100000

00000000
00000000
00000000
11100000
11111000
00000000
00000000
00000000

00000110
00011100
00010000
00000000
00000000
00000000
00000000
00000000

00000000
00000000
00000000
00000011
00000011
00000011
00000001
00000000

00000000
00000000
00000000
00000000
00000000
00000000
00000000
01000000

00010001
00011111
00000011
00000000
00000000
00000000
00000000
00000000

11000000
11110000
01000000
01000000
01100000
00000000
00000000
00000000

00000000
00000000
00000000
11000000
01000000
00000000
00000000
00000000

00110000
00110000
00111010
00011110
00010000
00000000
00000000
00000000

00000001
00000001
00000000
00000000
00000000
00000000
00000000
00000000

00000001
00000001
00000001
00000001
00000000
00000000
00000000
00000000

11111100
10011100
00011100
00000000
00000000
00000000
00000000
00000000

11000000
01000000
11000000
10000000
10000000
10000000
10000000
11110000

00000000
11110000
11110000
10000000
10000000
10000000
10000000
00000000

11110000
11110000
10000000
10000000
00000000
00000000
00000000
00000000

00000000
11000000
11110000
10000000
00000000
00000000
00000000
00000000

00000000
00000000
10000000
00000000
00000000
00000000
00000000
00000000

00000000
00100110
00111110
00000000
00000000
00000000
00000000
00000000

00000000
00000000
01000000
01000000
01000000
11000000
00000000
00000000

00000011
00000011
00000011
00000000
00000000
00000000
00000000
00000000

00010000
00010000
00010000
00000000
00000000
00000000
00000000
00000000

01100000
00111100
00001110
00001110
00011000
00000000
00000000
00000000

00000000
00000000
00001110
00001110
00000000
00000000
00000000
00000000

00001100
11111100
11000000
01000000
00000000
00000000
00000000
00000000

00110000
00110000
00100000
00000000
00000000
00000000
00000000
00000000

00000000
00000000
00000000
00000000
00000000
00010000
11111111
00110000

00000011
00000011
00011111
00011100
00000000
00000000
00000000
00000000

01100000
01100000
01100000
01100000
00000000
00000000
00000000
00000000

00000000
00000000
00111000
00111110
00000010
00000110
00011100
00010000

00000011
00000011
00000011
00000010
00000000
00000000
00000000
00000000

00000000
00000000
00110000
00011000
00011111
00000011
00000000
00000000

00000000
00000000
00000000
00001100
00000100
00000100
00001100
00111100

00000000
00000000
00000000
00000110
00000111
00000101
00000001
00000000

01111100
01100100
01100000
00000000
00000000
00000000
00000000
00000000

00001111
00001001
00001001
00011000
00011000
00001000
00000000
00000000

00011000
00011000
00010000
00010000
00110000
00011000
00001000
00011000

00000000
00000000
00000000
00111000
00000000
00000000
00000000
00000000

00000000
00110000
00111100
00111100
01100000
00000000
00000000
00000000

00000000
00000000
00000000
00000000
00000011
00000001
00000000
00000000

00000000
00000100
00001100
00001111
00000011
00000011
00000000
00000000

00011110
00011000
00000000
00000000
00000000
00000000
00000000
00000000

00000000
00000000
00000000
00011000
00010000
00000000
00000000
00000000

00000000
00000000
00000000
00000000
00011000
00001000
00000000
00000000

11110000
00111000
00000000
00000000
00000000
00000000
00000000
00000000

11000000
11000000
11000000
00000000
00000000
00000000
00000000
00000000

00000000
00000000
00000000
11000000
11000000
11000000
00000000
00000000

00000111
00000100
00000111
00000001
00000001
00000000
00000000
00000000

00000000
00000000
00000000
00001100
00011000
00110000
00000000
00000000

00000000
00000000
00000000
00000000
00000000
00000000
00000010
00000000

00000000
00000000
00000000
00000000
00000000
00000000
00000000
00000001

00000000
00000001
00011111
00000111
00000011
00000000
00000000
00000000

00000111
00000101
00000100
00001100
00001110
00000000
00000000
00000000

00000000
00000000
00000000
00000000
00000000
00000000
00000000
00001100

01100000
00110000
01100000
00100000
00000000
00000000
00000000
00000000

00000000
00001000
00000000
00000000
00000000
00000000
00000000
00000000

00000000
00000000
00000000
00000000
11100000
10000000
00000000
00000000

00000000
00000000
00000000
00000000
00000000
01000000
11000000
10000000

00001110
00000111
00000011
00000000
00000000
00000000
00000000
00000000

00000000
00000001
00001111
00001011
00011010
00000000
00000000
00000000

00010000
00011000
00001000
00000000
00000000
00000000
00000000
00000000

00000000
00000000
01000000
01100000
00100000
00000000
00000000
00000000

00011111
00010000
00011000
00000000
00000000
00000000
00000000
00000000

00000000
00000000
00000000
00000000
00000000
00000100
00000000
00000000

00000000
10000000
10000000
10000000
11000000
00000000
00000000
00000000

00000000
00000000
00000000
00000000
00000000
00000100
00001100
01111111

00000000
00000000
00000000
00000000
00000000
10000000
10000000
00000000

01100000
11100000
11100000
00000000
00000000
00000000
00000000
00000000

00110000
11110000
11100000
00100000
00000000
00000000
00000000
00000000

01100000
01111000
00001000
00011000
00011110
00000011
00000000
00000000

00011000
00001100
00000000
00000000
00000000
00000000
00000000
00000000

00000000
00000000
00000000
00000000
00000000
00000000
00001100
00001110

00111100
00000000
00000000
00000000
00000000
00000000
00000000
00000000

00000000
00000000
00000000
00000000
00110000
11110000
11110000
11100000

00000000
00000000
00000000
00000000
00000000
00000000
00000100
00001100

00000000
00000110
00001110
00001000
00000000
00000000
00000000
00000000

00000000
00000000
01100000
01100000
11100000
11100000
11000000
00000000

00000000
00000000
00000000
00000000
00000000
00001100
01111000
01111000

00000000
01110000
01010000
00010000
00010000
00010000
00000000
00000000

00000000
00000000
00000000
00000000
00100000
11111111
11000001
00000111

01100000
01000000
01100000
11100000
00000000
00000000
00000000
00000000

11000000
11000000
01000000
11000000
11000000
00000000
00000000
00000000

00000000
00000000
00000000
00000000
00000001
00000011
00000000
00000000

00000011
00000011
00000001
00000001
00000001
00000001
00000011
00000011

00000000
00000000
00000000
00000000
00000000
00010000
00010000
00010000

00000000
00000000
00000000
00000000
00000000
00001100
00001100
00001100

11000000
11000000
11000000
10000000
00000000
00000000
00000000
00000000

00000000
01011000
01110000
00110000
00010000
00000000
00000000
00000000

00000000
00000000
00000000
00001100
00001100
00001000
01101000
01111000

00000000
00000000
00000000
01111000
11011000
10011000
00001100
00000000

00000000
00000001
01000001
01111001
01001011
00001110
00000000
00000000

00000000
00000000
00000000
00000000
00000000
00000000
11000000
11100000

00000111
00000111
00000001
00000001
00000000
00000000
00000000
00000000

00000110
00000100
00000100
00000100
00000110
00000011
00000011
00000000

00000000
00000000
00000110
11111110
10110000
10000000
00000000
00000000

10000000
11000000
01000000
01000000
01100000
00100000
00111000
00001100

00000000
00000000
10000000
10000000
11000000
01100000
00100000
00110000

00000000
00000000
00000000
00000000
01111110
01000110
01100000
11000000

00000000
00000000
00000000
10000000
11100000
00000000
00000000
00000000

00000000
00000000
00000000
00000000
00000111
00000101
00000101
00000101

00000000
00000000
00000000
00000000
01000000
00000000
00000000
00000000

00000000
00000000
00000011
00000011
00000111
00000001
00000011
00000011
