28 0 H 180
3 15 T 90
7 20 H 180
11 -4 T 180
8 -6 H 0
-1 -1 T 180
26 -3 T 90
-3 3 T 180
17 0 T 180
-3 5 T 0
7 -1 T 180
11 20 T 90
3 8 T 0
14 0 T 180
-5 12 H 180
12 1 T 90
4 0 H 0
-3 -5 T 90
0 15 H 0
24 24 H 0
7 4 H 0
-4 20 H 0
5 9 H 180
21 10 T 0
26 12 T 0
24 18 T 180
5 2 T 180
6 16 H 180
0 0 T 0
1 10 T 90
10 0 H 180
-1 0 H 90
19 19 H 90
-5 23 H 90
-3 26 H 180
11 1 T 0
-1 24 H 0
13 1 H 180
24 3 T 0
16 -4 H 0
19 0 H 90
3 19 T 90
-6 12 T 180
23 6 H 0
25 3 T 180
11 1 H 90
8 6 T 180
23 13 T 180
24 12 H 90
8 5 T 90
-1 11 H 180
11 9 T 0
29 8 T 180
24 8 T 90
0 -3 T 180
15 7 T 0
26 -1 H 90
2 13 T 180
-4 -3 H 90
13 5 H 90
3 25 H 90
3 18 T 180
18 8 H 90
22 5 T 0
14 10 H 0
3 -6 T 180
-2 29 H 0
8 27 T 0
28 15 H 90
18 18 H 180
14 12 T 180
11 25 T 180
11 23 H 180
20 15 T 90
8 -7 H 90
24 21 H 180
3 28 H 0
21 -7 T 90
22 24 H 180
16 11 T 90
29 0 T 180
14 20 T 180
23 20 T 180
10 14 T 90
16 25 H 0
24 26 H 90
18 22 H 180

27 10 H 180
13 12 H 180
15 22 H 0
17 23 H 180

15 27 T 180




22 6 T 180

10 -3 H 180
25 23 H 180
18 15 H 0
13 14 H 90

30 18 T 180










26 6 H 0
7 0 T 90

-6 13 T 180
15 0 H 180


1 7 T 0
12 0 T 90




8 -1 H 0


8 14 T 180

24 3 T 0
13 26 H 180
11 19 H 0







20 14 T 180







27 5 T 180
8 25 T 180
-4 7 T 0




27 7 H 90


13 7 T 90

11 10 H 90
5 7 T 180





-7 5 T 180



0 15 H 90















7 26 H 180

5 21 T 0


13 4 H 180
16 8 H 0





8 4 T 180
12 3 T 180


22 7 H 180

4 8 T 90







2 7 H 0


8 14 H 90





5 25 H 90









0 24 H 0

20 24 H 0















10 11 T 180

